# y  u  at x = 0.500000
0.005208333333 -0.003944204099
0.015625 -0.01147413722
0.02604166667 -0.01867994709
0.03645833333 -0.02559813298
0.046875 -0.03226222918
0.05729166667 -0.03870305447
0.06770833333 -0.04494892724
0.078125 -0.05102584649
0.08854166667 -0.05695764143
0.09895833333 -0.06276609227
0.109375 -0.06847102408
0.1197916667 -0.07409037564
0.1302083333 -0.07964024543
0.140625 -0.08513492484
0.1510416667 -0.09058697156
0.1614583333 -0.09600708372
0.171875 -0.1014040789
0.1822916667 -0.1067849024
0.1927083333 -0.1121543583
0.203125 -0.1175157209
0.2135416667 -0.1228702908
0.2239583333 -0.12821696
0.234375 -0.1335523589
0.2447916667 -0.1388711065
0.2552083333 -0.1441650379
0.265625 -0.1494245586
0.2760416667 -0.154637402
0.2864583333 -0.1597884363
0.296875 -0.1648605561
0.3072916667 -0.1698342651
0.3177083333 -0.1746876977
0.328125 -0.1793968375
0.3385416667 -0.1839355358
0.3489583333 -0.188275698
0.359375 -0.1923874786
0.3697916667 -0.1962394998
0.3802083333 -0.1997991169
0.390625 -0.2030327189
0.4010416667 -0.2059060658
0.4114583333 -0.2083846555
0.421875 -0.210434118
0.4322916667 -0.2120206345
0.4427083333 -0.2131113822
0.453125 -0.2136756904
0.4635416667 -0.2136790543
0.4739583333 -0.2131057981
0.484375 -0.2119191298
0.4947916667 -0.2101033099
0.5052083333 -0.2076392714
0.515625 -0.2045125408
0.5260416667 -0.2007125475
0.5364583333 -0.1962327529
0.546875 -0.1910707252
0.5572916667 -0.1852281286
0.5677083333 -0.1787106228
0.578125 -0.1715276727
0.5885416667 -0.1636922641
0.5989583333 -0.1552205248
0.609375 -0.1461312522
0.6197916667 -0.1364453442
0.6302083333 -0.1261851362
0.640625 -0.1153736405
0.6510416667 -0.1040336864
0.6614583333 -0.09218695666
0.671875 -0.07985291375
0.6822916667 -0.0670476086
0.6927083333 -0.05378233782
0.703125 -0.04006201072
0.7135416667 -0.02588487134
0.7239583333 -0.01123757376
0.734375 0.003904884259
0.7447916667 0.0195789964
0.7552083333 0.03583920739
0.765625 0.05275867159
0.7760416667 0.07043175074
0.7864583333 0.08897691687
0.796875 0.108539264
0.8072916667 0.12929271
0.8177083333 0.1514416
0.828125 0.1752213494
0.8385416667 0.2008976798
0.8489583333 0.2287639223
0.859375 0.2591357903
0.8697916667 0.2923429872
0.8802083333 0.3287170309
0.890625 0.368574769
0.9010416667 0.4121972576
0.9114583333 0.4598040069
0.921875 0.5115230792
0.9322916667 0.5673581797
0.9427083333 0.6271546874
0.953125 0.6905675323
0.9635416667 0.7570348569
0.9739583333 0.8257624628
0.984375 0.89572504
0.9947916667 0.9656910421
