# x  v  at y = 0.500000
0.005208333333 0.009813301273
0.015625 0.02810115478
0.02604166667 0.04507397933
0.03645833333 0.06076494778
0.046875 0.07521339729
0.05729166667 0.0884636357
0.06770833333 0.1005638375
0.078125 0.1115650168
0.08854166667 0.121520075
0.09895833333 0.1304829235
0.109375 0.1385076844
0.1197916667 0.1456479704
0.1302083333 0.1519562477
0.140625 0.1574832813
0.1510416667 0.162277665
0.1614583333 0.1663854334
0.171875 0.1698497546
0.1822916667 0.1727106996
0.1927083333 0.1750050843
0.203125 0.1767663763
0.2135416667 0.1780246845
0.2239583333 0.1788073669
0.234375 0.1791323351
0.2447916667 0.1790339969
0.2552083333 0.1785142876
0.265625 0.1775946681
0.2760416667 0.1762858744
0.2864583333 0.1745971393
0.296875 0.1725354332
0.3072916667 0.1701056839
0.3177083333 0.1673109943
0.328125 0.1641528574
0.3385416667 0.1606313678
0.3489583333 0.156745428
0.359375 0.1524929499
0.3697916667 0.1478710499
0.3802083333 0.1428762372
0.390625 0.137504594
0.4010416667 0.1317519498
0.4114583333 0.1256140514
0.421875 0.1190867334
0.4322916667 0.112166095
0.4427083333 0.1048486818
0.453125 0.0971316673
0.4635416667 0.08901303091
0.4739583333 0.08049173348
0.484375 0.07156790972
0.4947916667 0.06224310975
0.5052083333 0.05252055766
0.515625 0.04240537681
0.5260416667 0.03190481353
0.5364583333 0.02102854877
0.546875 0.009789068923
0.5572916667 -0.00179803806
0.5677083333 -0.01371377545
0.578125 -0.02593532501
0.5885416667 -0.03843552651
0.5989583333 -0.05118245674
0.609375 -0.06413925352
0.6197916667 -0.07726376837
0.6302083333 -0.09050569021
0.640625 -0.103811162
0.6510416667 -0.1171207242
0.6614583333 -0.1303642113
0.671875 -0.1434609924
0.6822916667 -0.1563299535
0.6927083333 -0.1688779017
0.703125 -0.1810043563
0.7135416667 -0.1926024787
0.7239583333 -0.2035582897
0.734375 -0.2137517903
0.7447916667 -0.2230585447
0.7552083333 -0.2313510714
0.765625 -0.2385008705
0.7760416667 -0.244380734
0.7864583333 -0.2488674424
0.796875 -0.2518496308
0.8072916667 -0.2531830911
0.8177083333 -0.25287384
0.828125 -0.2507427358
0.8385416667 -0.2467839678
0.8489583333 -0.2409593377
0.859375 -0.2332645985
0.8697916667 -0.2237235673
0.8802083333 -0.2123892889
0.890625 -0.1993443616
0.9010416667 -0.1847002877
0.9114583333 -0.1685958435
0.921875 -0.1511945089
0.9322916667 -0.1326810513
0.9427083333 -0.1132574055
0.953125 -0.09313803605
0.9635416667 -0.07254499913
0.9739583333 -0.05170293629
0.984375 -0.0308342342
0.9947916667 -0.01015466366
