# x  v  at y = 0.500000
0.005208333333 0.02202550227
0.015625 0.06108535808
0.02604166667 0.0954030276
0.03645833333 0.125305198
0.046875 0.1511714495
0.05729166667 0.1734264302
0.06770833333 0.1925218726
0.078125 0.2089132676
0.08854166667 0.2230359028
0.09895833333 0.2352840441
0.109375 0.2459957141
0.1197916667 0.2554441334
0.1302083333 0.2638356912
0.140625 0.2713134304
0.1510416667 0.2779645373
0.1614583333 0.2838301905
0.171875 0.2889162756
0.1822916667 0.2932037943
0.1927083333 0.2966582239
0.203125 0.2992376941
0.2135416667 0.3008996538
0.2239583333 0.3015741191
0.234375 0.3013260387
0.2447916667 0.3000060268
0.2552083333 0.2976677651
0.265625 0.2942996791
0.2760416667 0.2899130918
0.2864583333 0.2845315102
0.296875 0.2781899383
0.3072916667 0.2709339243
0.3177083333 0.262818333
0.328125 0.2539058392
0.3385416667 0.2442652126
0.3489583333 0.2339694792
0.359375 0.2230940412
0.3697916667 0.2117148381
0.3802083333 0.1999066195
0.390625 0.1877413936
0.4010416667 0.1752870975
0.4114583333 0.1626065234
0.421875 0.1497565168
0.4322916667 0.1367874469
0.4427083333 0.1237429365
0.453125 0.1106598277
0.4635416667 0.09756834895
0.4739583333 0.08449244418
0.484375 0.07145022299
0.4947916667 0.05845448691
0.5052083333 0.04551329076
0.515625 0.03263049915
0.5260416667 0.01980630252
0.5364583333 0.007037661017
0.546875 -0.005681351311
0.5572916667 -0.01835932325
0.5677083333 -0.03100741182
0.578125 -0.04363941012
0.5885416667 -0.05627197224
0.5989583333 -0.06892499495
0.609375 -0.08162214825
0.6197916667 -0.09439153497
0.6302083333 -0.1072664445
0.640625 -0.1202861449
0.6510416667 -0.1334966298
0.6614583333 -0.1469512028
0.671875 -0.1607107354
0.6822916667 -0.1748433832
0.6927083333 -0.189423484
0.703125 -0.2045292928
0.7135416667 -0.2202391473
0.7239583333 -0.2366256049
0.734375 -0.253747073
0.7447916667 -0.2716364849
0.7552083333 -0.2902867046
0.765625 -0.3096325629
0.7760416667 -0.329529848
0.7864583333 -0.349733253
0.796875 -0.3698737145
0.8072916667 -0.3894247739
0.8177083333 -0.4077335859
0.828125 -0.4240156662
0.8385416667 -0.4372657006
0.8489583333 -0.446444404
0.859375 -0.4502877815
0.8697916667 -0.4486952574
0.8802083333 -0.4396895945
0.890625 -0.4233726748
0.9010416667 -0.3995143647
0.9114583333 -0.3684531719
0.921875 -0.3309912053
0.9322916667 -0.2883544255
0.9427083333 -0.2421008555
0.953125 -0.1939879934
0.9635416667 -0.1458237641
0.9739583333 -0.09932089765
0.984375 -0.0559722964
0.9947916667 -0.01696457566
