# y  u  at x = 0.500000
0.005208333333 -0.008374259597
0.015625 -0.02434312706
0.02604166667 -0.03966639706
0.03645833333 -0.05448492977
0.046875 -0.06892832124
0.05729166667 -0.0831159633
0.06770833333 -0.09715737764
0.078125 -0.1111497671
0.08854166667 -0.1251741963
0.09895833333 -0.1392920429
0.109375 -0.1535395271
0.1197916667 -0.1679242707
0.1302083333 -0.1824247834
0.140625 -0.1969865456
0.1510416667 -0.2115288515
0.1614583333 -0.2259262615
0.171875 -0.2400395287
0.1822916667 -0.2537090435
0.1927083333 -0.2667438848
0.203125 -0.2789519371
0.2135416667 -0.2901473806
0.2239583333 -0.3001364219
0.234375 -0.308748623
0.2447916667 -0.3158314859
0.2552083333 -0.3212619807
0.265625 -0.3249507334
0.2760416667 -0.3268481131
0.2864583333 -0.3269182125
0.296875 -0.3252575502
0.3072916667 -0.3218516372
0.3177083333 -0.3168354982
0.328125 -0.3103307819
0.3385416667 -0.3024858361
0.3489583333 -0.2934640032
0.359375 -0.2834359956
0.3697916667 -0.272573013
0.3802083333 -0.2610406437
0.390625 -0.2489937922
0.4010416667 -0.2365727893
0.4114583333 -0.2239007303
0.421875 -0.2110819993
0.4322916667 -0.1982018597
0.4427083333 -0.1853269458
0.453125 -0.1725064604
0.4635416667 -0.1597738804
0.4739583333 -0.1471489791
0.484375 -0.1346400017
0.4947916667 -0.1222458537
0.5052083333 -0.1099581971
0.515625 -0.09776338005
0.5260416667 -0.08564415264
0.5364583333 -0.07358114673
0.546875 -0.06155411643
0.5572916667 -0.04954295044
0.5677083333 -0.03752847735
0.578125 -0.02549309053
0.5885416667 -0.01342122203
0.5989583333 -0.001299694718
0.609375 0.01088201997
0.6197916667 0.02313161177
0.6302083333 0.03545379267
0.640625 0.04785019177
0.6510416667 0.06031927272
0.6614583333 0.07285627036
0.671875 0.08545315917
0.6822916667 0.09809866077
0.6927083333 0.1107781901
0.703125 0.1234736299
0.7135416667 0.1361634127
0.7239583333 0.1488257388
0.734375 0.161428385
0.7447916667 0.173945295
0.7552083333 0.1863453032
0.765625 0.1985897407
0.7760416667 0.2106504768
0.7864583333 0.2224879259
0.796875 0.2340704833
0.8072916667 0.2453796805
0.8177083333 0.2564022118
0.828125 0.2671538177
0.8385416667 0.2776897496
0.8489583333 0.2881305978
0.859375 0.298698918
0.8697916667 0.3097689852
0.8802083333 0.3219311004
0.890625 0.3360670043
0.9010416667 0.3534259408
0.9114583333 0.3756805181
0.921875 0.40492836
0.9322916667 0.4435925462
0.9427083333 0.4941668783
0.953125 0.5587608684
0.9635416667 0.6384371981
0.9739583333 0.7324146065
0.984375 0.8373383032
0.9947916667 0.9469878008
