# y  u  at x = 0.500000
0.00390625 -0.002962898106
0.01171875 -0.008682994494
0.01953125 -0.01421226595
0.02734375 -0.01956680199
0.03515625 -0.02476169637
0.04296875 -0.02981111376
0.05078125 -0.03472834966
0.05859375 -0.0395258836
0.06640625 -0.04421542604
0.07421875 -0.04880795948
0.08203125 -0.05331377402
0.08984375 -0.05774249767
0.09765625 -0.06210312186
0.10546875 -0.06640402224
0.11328125 -0.07065297529
0.12109375 -0.07485717056
0.12890625 -0.07902321903
0.13671875 -0.08315715776
0.14453125 -0.08726445707
0.15234375 -0.09135005844
0.16015625 -0.09541825111
0.16796875 -0.09947277546
0.17578125 -0.1035167537
0.18359375 -0.1075526796
0.19140625 -0.1115825392
0.19921875 -0.1156077112
0.20703125 -0.1196288515
0.21484375 -0.1236458964
0.22265625 -0.1276581897
0.23046875 -0.1316643557
0.23828125 -0.1356622693
0.24609375 -0.139649322
0.25390625 -0.1436219593
0.26171875 -0.1475758539
0.26953125 -0.1515060601
0.27734375 -0.1554068484
0.28515625 -0.1592716875
0.29296875 -0.16309333
0.30078125 -0.1668637834
0.30859375 -0.1705743055
0.31640625 -0.1742154409
0.32421875 -0.1777770341
0.33203125 -0.18124826
0.33984375 -0.1846176575
0.34765625 -0.1878731701
0.35546875 -0.1910021926
0.36328125 -0.1939916249
0.37109375 -0.1968279327
0.37890625 -0.1994972148
0.38671875 -0.201985277
0.39453125 -0.2042777119
0.40234375 -0.2063599849
0.41015625 -0.2082175249
0.41796875 -0.2098358199
0.42578125 -0.2112005165
0.43359375 -0.212297521
0.44140625 -0.2131131016
0.44921875 -0.2136339847
0.45703125 -0.2138474538
0.46484375 -0.2137409806
0.47265625 -0.2133054611
0.48046875 -0.2125277957
0.48828125 -0.2113999059
0.49609375 -0.2099132445
0.50390625 -0.2080605404
0.51171875 -0.205835703
0.51953125 -0.2032338686
0.52734375 -0.2002514399
0.53515625 -0.1968861121
0.54296875 -0.1931368847
0.55078125 -0.1890040588
0.55859375 -0.1844892188
0.56640625 -0.1795951977
0.57421875 -0.1743260261
0.58203125 -0.1686868648
0.58984375 -0.1626839204
0.59765625 -0.1563243439
0.60546875 -0.1496161124
0.61328125 -0.1425678944
0.62109375 -0.135188897
0.62890625 -0.1274886972
0.63671875 -0.1194770553
0.64453125 -0.11116371
0.65234375 -0.1025581561
0.66015625 -0.09366940256
0.66796875 -0.08450570983
0.67578125 -0.07507430608
0.68359375 -0.06538107983
0.69140625 -0.05543024892
0.69921875 -0.045223996
0.70703125 -0.03476198764
0.71484375 -0.0240416662
0.72265625 -0.01305608035
0.73046875 -0.001794784174
0.73828125 0.009755961743
0.74609375 0.02161573603
0.75390625 0.03380934801
0.76171875 0.04636762605
0.76953125 0.05932810267
0.77734375 0.07273564311
0.78515625 0.08664306896
0.79296875 0.1011117482
0.80078125 0.1162121212
0.80859375 0.1320241259
0.81640625 0.148637477
0.82421875 0.1661517458
0.83203125 0.1846761763
0.83984375 0.2043291686
0.84765625 0.2252373506
0.85546875 0.2475341537
0.86328125 0.2713578086
0.87109375 0.2968486779
0.87890625 0.32414585
0.88671875 0.3533829372
0.89453125 0.384683042
0.90234375 0.4181528943
0.91015625 0.4538762063
0.91796875 0.4919063521
0.92578125 0.532258551
0.93359375 0.5749018157
0.94140625 0.6197510203
0.94921875 0.6666595466
0.95703125 0.7154130682
0.96484375 0.7657251399
0.97265625 0.8172353586
0.98046875 0.8695109543
0.98828125 0.9220527514
0.99609375 0.974306513
