# x  v  at y = 0.500000
0.00390625 0.007367541704
0.01171875 0.02134712274
0.01953125 0.03458031696
0.02734375 0.04707962467
0.03515625 0.0588597501
0.04296875 0.06993730106
0.05078125 0.08033050665
0.05859375 0.09005895024
0.06640625 0.09914331638
0.07421875 0.1076051513
0.08203125 0.1154666364
0.08984375 0.1227503758
0.09765625 0.1294791962
0.10546875 0.1356759624
0.11328125 0.1413634055
0.12109375 0.1465639665
0.12890625 0.1512996547
0.13671875 0.155591921
0.14453125 0.1594615452
0.15234375 0.1629285397
0.16015625 0.1660120664
0.16796875 0.1687303681
0.17578125 0.1711007138
0.18359375 0.1731393569
0.19140625 0.1748615053
0.19921875 0.1762813039
0.20703125 0.1774118265
0.21484375 0.1782650831
0.22265625 0.1788521814
0.23046875 0.1791816077
0.23828125 0.1792659082
0.24609375 0.1791091243
0.25390625 0.1787199442
0.26171875 0.1781042249
0.26953125 0.1772671888
0.27734375 0.1762132493
0.28515625 0.1749460603
0.29296875 0.1734685672
0.30078125 0.1717830588
0.30859375 0.1698912183
0.31640625 0.1677941759
0.32421875 0.1654925593
0.33203125 0.1629865442
0.33984375 0.1602759044
0.34765625 0.1573600596
0.35546875 0.1542381233
0.36328125 0.1509089488
0.37109375 0.1473711739
0.37890625 0.1436232651
0.38671875 0.1396635598
0.39453125 0.1354903081
0.40234375 0.1311017138
0.41015625 0.1264959757
0.41796875 0.121671329
0.42578125 0.1166260869
0.43359375 0.1113586815
0.44140625 0.1058677052
0.44921875 0.1001519515
0.45703125 0.0942104587
0.46484375 0.08804255515
0.47265625 0.08164790855
0.48046875 0.07502657485
0.48828125 0.06817904757
0.49609375 0.06110630958
0.50390625 0.05380989097
0.51171875 0.04629193279
0.51953125 0.03855525087
0.52734375 0.03060339845
0.53515625 0.02244073609
0.54296875 0.01407251412
0.55078125 0.005504952518
0.55859375 -0.003254683325
0.56640625 -0.01219799035
0.57421875 -0.02131532359
0.58203125 -0.03059570993
0.58984375 -0.04002677825
0.59765625 -0.04959458923
0.60546875 -0.05928349486
0.61328125 -0.06907612161
0.62109375 -0.07895340999
0.62890625 -0.08889404054
0.63671875 -0.09887424936
0.64453125 -0.1088697921
0.65234375 -0.1188534024
0.66015625 -0.1287936705
0.66796875 -0.1386583819
0.67578125 -0.1484130316
0.68359375 -0.1580198503
0.69140625 -0.1674392446
0.69921875 -0.1766290805
0.70703125 -0.1855446884
0.71484375 -0.194139272
0.72265625 -0.2023639551
0.73046875 -0.2101680807
0.73828125 -0.2174994742
0.74609375 -0.2243047984
0.75390625 -0.2305299843
0.76171875 -0.2361207232
0.76953125 -0.2410230306
0.77734375 -0.2451838783
0.78515625 -0.2485518674
0.79296875 -0.2510778528
0.80078125 -0.2527167234
0.80859375 -0.2534155549
0.81640625 -0.2531695718
0.82421875 -0.2519104944
0.83203125 -0.2496306667
0.83984375 -0.2463093711
0.84765625 -0.241936407
0.85546875 -0.2365099817
0.86328125 -0.2300371354
0.87109375 -0.222534074
0.87890625 -0.2140263512
0.88671875 -0.2045488824
0.89453125 -0.1941457871
0.90234375 -0.1828700566
0.91015625 -0.1707830516
0.91796875 -0.1579538366
0.92578125 -0.1444583672
0.93359375 -0.1303785473
0.94140625 -0.1158011816
0.94921875 -0.10081685
0.95703125 -0.08551873317
0.96484375 -0.07000142159
0.97265625 -0.05435973948
0.98046875 -0.03868761468
0.98828125 -0.02307702426
0.99609375 -0.007617063519
