# y  u  at x = 0.500000
0.005208333333 -0.02009559345
0.015625 -0.05671439955
0.02604166667 -0.09018161591
0.03645833333 -0.1210861047
0.046875 -0.1501000785
0.05729166667 -0.1778796582
0.06770833333 -0.204954412
0.078125 -0.2315601581
0.08854166667 -0.2575902821
0.09895833333 -0.2826558819
0.109375 -0.306188433
0.1197916667 -0.3275161728
0.1302083333 -0.3459511391
0.140625 -0.3609429376
0.1510416667 -0.3720822487
0.1614583333 -0.3791307725
0.171875 -0.3820727392
0.1822916667 -0.3813765245
0.1927083333 -0.3771259561
0.203125 -0.3699424447
0.2135416667 -0.3604559809
0.2239583333 -0.3492884059
0.234375 -0.3370219231
0.2447916667 -0.3241597515
0.2552083333 -0.3111049968
0.265625 -0.2981543565
0.2760416667 -0.2855035851
0.2864583333 -0.2732609929
0.296875 -0.2614653556
0.3072916667 -0.2501049451
0.3177083333 -0.239135298
0.328125 -0.2284942342
0.3385416667 -0.2181134587
0.3489583333 -0.2079267083
0.359375 -0.1978748148
0.3697916667 -0.1879082694
0.3802083333 -0.1779879361
0.390625 -0.168084523
0.4010416667 -0.1581773256
0.4114583333 -0.1482526366
0.421875 -0.1383021027
0.4322916667 -0.1283212023
0.4427083333 -0.1183079442
0.453125 -0.1082618183
0.4635416667 -0.09818300116
0.4739583333 -0.08807178699
0.484375 -0.0779282087
0.4947916667 -0.06775180787
0.5052083333 -0.0575415153
0.515625 -0.04729560832
0.5260416667 -0.03701171661
0.5364583333 -0.02668685415
0.546875 -0.01631746048
0.5572916667 -0.005899438019
0.5677083333 0.004571822873
0.578125 0.01510144104
0.5885416667 0.02569505773
0.5989583333 0.036358875
0.609375 0.04709971401
0.6197916667 0.05792508885
0.6302083333 0.06884328761
0.640625 0.07986344813
0.6510416667 0.09099561129
0.6614583333 0.1022507285
0.671875 0.1136405942
0.6822916667 0.1251776665
0.6927083333 0.1368747434
0.703125 0.1487444456
0.7135416667 0.1607985395
0.7239583333 0.1730470479
0.734375 0.185496969
0.7447916667 0.1981505043
0.7552083333 0.2110016725
0.765625 0.2240413215
0.7760416667 0.2372396954
0.7864583333 0.2505619316
0.796875 0.2639630888
0.8072916667 0.2773603971
0.8177083333 0.2906772789
0.828125 0.303809087
0.8385416667 0.3166123515
0.8489583333 0.3289712091
0.859375 0.3407243867
0.8697916667 0.3517187748
0.8802083333 0.3618235522
0.890625 0.3709716611
0.9010416667 0.3792646881
0.9114583333 0.3871843429
0.921875 0.3959777553
0.9322916667 0.4082703685
0.9427083333 0.4288373246
0.953125 0.4651707312
0.9635416667 0.5270221495
0.9739583333 0.6237015672
0.984375 0.7582401645
0.9947916667 0.91972243
