# x  v  at y = 0.500000
0.005208333333 0.03876463638
0.015625 0.1044521931
0.02604166667 0.1585317967
0.03645833333 0.2019159623
0.046875 0.2361527976
0.05729166667 0.2632727592
0.06770833333 0.2852089943
0.078125 0.3035166514
0.08854166667 0.3192054071
0.09895833333 0.3327906038
0.109375 0.3444265566
0.1197916667 0.3540631627
0.1302083333 0.3615707209
0.140625 0.3668260604
0.1510416667 0.3696978922
0.1614583333 0.3703255384
0.171875 0.36864304
0.1822916667 0.3647720787
0.1927083333 0.3589263466
0.203125 0.3513480322
0.2135416667 0.3423008486
0.2239583333 0.3320588766
0.234375 0.3208927176
0.2447916667 0.3090563661
0.2552083333 0.2967767471
0.265625 0.2842466582
0.2760416667 0.2716212915
0.2864583333 0.259018044
0.296875 0.246519003
0.3072916667 0.2341753237
0.3177083333 0.2220126963
0.328125 0.2100371775
0.3385416667 0.1982408094
0.3489583333 0.1866066165
0.359375 0.1751127464
0.3697916667 0.1637356623
0.3802083333 0.1524524133
0.390625 0.1412420847
0.4010416667 0.1300865714
0.4114583333 0.1189708361
0.421875 0.1078828056
0.4322916667 0.09681303959
0.4427083333 0.08575428033
0.453125 0.07470096604
0.4635416667 0.06364876199
0.4739583333 0.05259414406
0.484375 0.04153405141
0.4947916667 0.03046561287
0.5052083333 0.01938594411
0.515625 0.008292007945
0.5260416667 -0.002819470683
0.5364583333 -0.01395204326
0.546875 -0.02510953924
0.5572916667 -0.0362960297
0.5677083333 -0.04751575919
0.578125 -0.05877304385
0.5885416667 -0.07007213305
0.5989583333 -0.08141703111
0.609375 -0.09281127543
0.6197916667 -0.1042576691
0.6302083333 -0.1157579704
0.640625 -0.127312548
0.6510416667 -0.1389200227
0.6614583333 -0.1505769329
0.671875 -0.1622774859
0.6822916667 -0.174013493
0.6927083333 -0.1857746331
0.703125 -0.1975492549
0.7135416667 -0.2093260076
0.7239583333 -0.2210966842
0.734375 -0.2328607563
0.7447916667 -0.2446321435
0.7552083333 -0.2564487407
0.765625 -0.2683850168
0.7760416667 -0.2805674468
0.7864583333 -0.2931914379
0.796875 -0.3065364967
0.8072916667 -0.3209734752
0.8177083333 -0.336953833
0.828125 -0.3549664209
0.8385416667 -0.3754434814
0.8489583333 -0.3985982532
0.859375 -0.4241901657
0.8697916667 -0.4512278249
0.8802083333 -0.477605043
0.890625 -0.5001200581
0.9010416667 -0.5135470799
0.9114583333 -0.516095278
0.921875 -0.5011435198
0.9322916667 -0.4652456637
0.9427083333 -0.4098026906
0.953125 -0.3380695068
0.9635416667 -0.2563026624
0.9739583333 -0.1722533827
0.984375 -0.0935520873
0.9947916667 -0.02630484191
