# x  v  at y = 0.500000
0.015625 -0.0003462962046
0.046875 -0.0002114261405
0.078125 -0.0001397683437
0.109375 -9.881370124e-05
0.140625 -7.633298835e-05
0.171875 -5.475290095e-05
0.203125 -8.323645727e-06
0.234375 -4.021939562e-07
0.265625 6.026028405e-06
0.296875 1.226732048e-05
0.328125 1.972489351e-05
0.359375 2.906226623e-05
0.390625 4.043644785e-05
0.421875 5.301798388e-05
0.453125 6.173140121e-05
0.484375 3.81830462e-05
0.515625 -3.928622628e-05
0.546875 -6.274569339e-05
0.578125 -5.309364359e-05
0.609375 -3.917783226e-05
0.640625 -2.653227654e-05
0.671875 -1.636284178e-05
0.703125 -8.718677344e-06
0.734375 -2.921506577e-06
0.765625 2.612365215e-06
0.796875 9.402515283e-06
0.828125 5.4727974e-05
0.859375 7.57350254e-05
0.890625 9.876064559e-05
0.921875 0.0001410748718
0.953125 0.0002134069314
0.984375 0.0003476651212
