# y  u  at x = 0.500000
0.015625 -2.76402555e-05
0.046875 8.669249281e-06
0.078125 2.614974806e-05
0.109375 2.916667412e-05
0.140625 2.610833768e-05
0.171875 2.108457717e-05
0.203125 1.634364159e-05
0.234375 1.266204314e-05
0.265625 9.55795032e-06
0.296875 6.184007971e-06
0.328125 -7.069255929e-07
0.359375 -4.533869155e-05
0.390625 -5.391575089e-05
0.421875 -5.774980774e-05
0.453125 -5.963191027e-05
0.484375 -3.316598601e-05
0.515625 3.134551572e-05
0.546875 5.506211585e-05
0.578125 5.072523651e-05
0.609375 3.708621321e-05
0.640625 -4.373342407e-06
0.671875 2.93666759e-05
0.703125 4.160000883e-05
0.734375 5.013926307e-05
0.765625 3.184262527e-05
0.796875 -7.049301478e-06
0.828125 -4.359775069e-06
0.859375 -9.657607814e-06
0.890625 -1.88877194e-05
0.921875 -2.83509027e-05
0.953125 -3.434616651e-05
0.984375 -3.711494642e-05
