# y  u  at x = 0.500000
0.00390625 1.426006251e-07
0.01171875 4.648584203e-07
0.01953125 7.288622832e-07
0.02734375 8.472492968e-07
0.03515625 9.634105536e-07
0.04296875 9.289296866e-07
0.05078125 9.231905895e-07
0.05859375 8.63945316e-07
0.06640625 8.175918036e-07
0.07421875 7.614263822e-07
0.08203125 7.056811174e-07
0.08984375 6.446056803e-07
0.09765625 5.782500597e-07
0.10546875 5.045431625e-07
0.11328125 4.220375984e-07
0.12109375 3.28274699e-07
0.12890625 2.181384006e-07
0.13671875 9.14167283e-08
0.14453125 -8.138879798e-08
0.15234375 -3.239199803e-07
0.16015625 -5.178139584e-07
0.16796875 -6.165572058e-07
0.17578125 -6.772886483e-07
0.18359375 -7.097978279e-07
0.19140625 -7.208753899e-07
0.19921875 -7.154148826e-07
0.20703125 -6.973690392e-07
0.21484375 -6.698976647e-07
0.22265625 -6.355114879e-07
0.23046875 -5.961284641e-07
0.23828125 -5.530384773e-07
0.24609375 -5.066145245e-07
0.25390625 -4.604615819e-07
0.26171875 -4.238359312e-07
0.26953125 -3.860850798e-07
0.27734375 -3.413204311e-07
0.28515625 -2.977329075e-07
0.29296875 -2.51896826e-07
0.30078125 -1.960831969e-07
0.30859375 -1.39012419e-07
0.31640625 -4.877485064e-08
0.32421875 2.503986434e-08
0.33203125 -2.470308008e-08
0.33984375 3.540056508e-09
0.34765625 -3.959095848e-09
0.35546875 1.925819984e-08
0.36328125 1.340395338e-08
0.37109375 2.632729439e-08
0.37890625 2.213206511e-08
0.38671875 2.388829089e-08
0.39453125 2.123123257e-08
0.40234375 1.070202682e-08
0.41015625 8.648265709e-09
0.41796875 -1.140706697e-08
0.42578125 -1.185271651e-08
0.43359375 -3.244497747e-08
0.44140625 -5.368960063e-08
0.44921875 -7.975689869e-08
0.45703125 -7.02663679e-08
0.46484375 -6.144137298e-08
0.47265625 -4.752748268e-08
0.48046875 -2.024397473e-08
0.48828125 -9.928033104e-09
0.49609375 -7.316306104e-09
0.50390625 -7.252859995e-09
0.51171875 -1.012400122e-08
0.51953125 -2.192759548e-08
0.52734375 -5.343835545e-08
0.53515625 -7.363196381e-08
0.54296875 -7.86743588e-08
0.55078125 -8.960971348e-08
0.55859375 -4.085489195e-08
0.56640625 -1.55763825e-08
0.57421875 1.885404372e-08
0.58203125 1.725405809e-08
0.58984375 3.507763725e-08
0.59765625 3.314561612e-08
0.60546875 4.058512263e-08
0.61328125 4.136523404e-08
0.62109375 3.847976154e-08
0.62890625 4.189533809e-08
0.63671875 2.823005565e-08
0.64453125 3.319168125e-08
0.65234375 8.930498483e-09
0.66015625 1.485813704e-08
0.66796875 -1.63341124e-08
0.67578125 -9.416522264e-09
0.68359375 -4.302522335e-08
0.69140625 -6.78113534e-08
0.69921875 -1.466754122e-07
0.70703125 -2.307610169e-07
0.71484375 -2.839455865e-07
0.72265625 -3.306050521e-07
0.73046875 -3.765473993e-07
0.73828125 -4.146893075e-07
0.74609375 -4.512674511e-07
0.75390625 -4.972786446e-07
0.76171875 -5.437487506e-07
0.76953125 -5.870377167e-07
0.77734375 -6.267140132e-07
0.78515625 -6.614467367e-07
0.79296875 -6.892687857e-07
0.80078125 -7.076592153e-07
0.80859375 -7.134521475e-07
0.81640625 -7.026944885e-07
0.82421875 -6.70491232e-07
0.83203125 -6.100501695e-07
0.83984375 -5.115791422e-07
0.84765625 -3.179356353e-07
0.85546875 -7.562764281e-08
0.86328125 9.698892934e-08
0.87109375 2.235616356e-07
0.87890625 3.336021228e-07
0.88671875 4.273349539e-07
0.89453125 5.099205507e-07
0.90234375 5.837530953e-07
0.91015625 6.506473615e-07
0.91796875 7.1162155e-07
0.92578125 7.6982853e-07
0.93359375 8.224947439e-07
0.94140625 8.815744769e-07
0.94921875 9.210771195e-07
0.95703125 9.88432333e-07
0.96484375 9.406965016e-07
0.97265625 8.353186125e-07
0.98046875 5.582246991e-07
0.98828125 4.041050027e-07
0.99609375 8.357614321e-07
