# x  v  at y = 0.500000
0.00390625 -1.776097529e-06
0.01171875 -2.512765737e-06
0.01953125 -2.369795073e-06
0.02734375 -2.079787979e-06
0.03515625 -1.718119131e-06
0.04296875 -1.398708113e-06
0.05078125 -1.124002796e-06
0.05859375 -8.929960924e-07
0.06640625 -7.057398768e-07
0.07421875 -5.467732362e-07
0.08203125 -4.331113206e-07
0.08984375 -2.81538959e-07
0.09765625 -1.871947361e-07
0.10546875 -9.07973846e-08
0.11328125 -4.182779205e-08
0.12109375 -1.984905622e-08
0.12890625 -3.023880718e-09
0.13671875 -8.877979496e-09
0.14453125 1.163809926e-09
0.15234375 -1.939956708e-08
0.16015625 -1.006375381e-08
0.16796875 -3.687999854e-08
0.17578125 1.411792733e-08
0.18359375 -5.849590952e-08
0.19140625 -1.47591835e-07
0.19921875 -2.036948115e-07
0.20703125 -2.588237791e-07
0.21484375 -3.042192373e-07
0.22265625 -3.474209189e-07
0.23046875 -3.916216624e-07
0.23828125 -4.286106828e-07
0.24609375 -4.646048989e-07
0.25390625 -5.104099195e-07
0.26171875 -5.569746986e-07
0.26953125 -6.006927882e-07
0.27734375 -6.411087422e-07
0.28515625 -6.768393214e-07
0.29296875 -7.058073227e-07
0.30078125 -7.253255172e-07
0.30859375 -7.320499012e-07
0.31640625 -7.219042557e-07
0.32421875 -6.899943918e-07
0.33203125 -6.296821783e-07
0.33984375 -5.31440767e-07
0.34765625 -3.384054364e-07
0.35546875 -9.725451132e-08
0.36328125 7.365634972e-08
0.37109375 1.980660776e-07
0.37890625 3.055778873e-07
0.38671875 3.966078644e-07
0.39453125 4.760157098e-07
0.40234375 5.460719923e-07
0.41015625 6.077651934e-07
0.41796875 6.619883303e-07
0.42578125 7.093441614e-07
0.43359375 7.503623698e-07
0.44140625 7.854250558e-07
0.44921875 8.148670302e-07
0.45703125 8.389783667e-07
0.46484375 8.582756893e-07
0.47265625 8.732925278e-07
0.48046875 8.851740603e-07
0.48828125 8.945169962e-07
0.49609375 9.018821979e-07
0.50390625 9.063396475e-07
0.51171875 9.059112174e-07
0.51953125 8.994655835e-07
0.52734375 8.870778915e-07
0.53515625 8.697235232e-07
0.54296875 8.478033051e-07
0.55078125 8.217084477e-07
0.55859375 7.912633036e-07
0.56640625 7.561184488e-07
0.57421875 7.156641829e-07
0.58203125 6.69137251e-07
0.58984375 6.155544875e-07
0.59765625 5.537177419e-07
0.60546875 4.820342137e-07
0.61328125 3.990226854e-07
0.62109375 3.020609211e-07
0.62890625 1.884320325e-07
0.63671875 3.213221888e-08
0.64453125 -2.000141514e-07
0.65234375 -4.290301013e-07
0.66015625 -5.565758808e-07
0.66796875 -6.394056763e-07
0.67578125 -6.877069058e-07
0.68359375 -7.105186942e-07
0.69140625 -7.14324702e-07
0.69921875 -7.037180465e-07
0.70703125 -6.820746459e-07
0.71484375 -6.52045934e-07
0.72265625 -6.158105463e-07
0.73046875 -5.751382586e-07
0.73828125 -5.312460458e-07
0.74609375 -4.844960634e-07
0.75390625 -4.384773592e-07
0.76171875 -4.021328158e-07
0.76953125 -3.644062459e-07
0.77734375 -3.189897597e-07
0.78515625 -2.729148596e-07
0.79296875 -2.203032977e-07
0.80078125 -1.367191114e-07
0.80859375 -5.824392823e-08
0.81640625 -3.371493511e-08
0.82421875 -2.218280802e-10
0.83203125 -7.099479869e-09
0.83984375 2.433994396e-08
0.84765625 1.902632962e-08
0.85546875 4.46737251e-08
0.86328125 4.305847591e-08
0.87109375 6.690753584e-08
0.87890625 1.008117203e-07
0.88671875 9.822758944e-08
0.89453125 1.821774406e-07
0.90234375 2.494468481e-07
0.91015625 3.849732448e-07
0.91796875 4.682868048e-07
0.92578125 5.958608882e-07
0.93359375 7.399221762e-07
0.94140625 9.170397029e-07
0.94921875 1.138362022e-06
0.95703125 1.4047542e-06
0.96484375 1.719720913e-06
0.97265625 2.072477044e-06
0.98046875 2.368576023e-06
0.98828125 2.496075063e-06
0.99609375 1.76377986e-06
