# y  u  at x = 0.500000
0.0078125 5.854466314e-06
0.0234375 5.847052273e-06
0.0390625 5.712304795e-06
0.0546875 5.337854339e-06
0.0703125 4.854358656e-06
0.0859375 4.213852746e-06
0.1015625 3.420593426e-06
0.1171875 2.469017432e-06
0.1328125 1.394033085e-06
0.1484375 3.193975343e-07
0.1640625 -2.754604416e-06
0.1796875 -4.867247285e-06
0.1953125 -5.546907791e-06
0.2109375 -5.527502958e-06
0.2265625 -5.165969088e-06
0.2421875 -4.61120494e-06
0.2578125 -3.960217675e-06
0.2734375 -3.457568677e-06
0.2890625 -2.704901347e-06
0.3046875 -1.145023715e-06
0.3203125 1.703566158e-06
0.3359375 9.661993845e-07
0.3515625 -2.06544358e-06
0.3671875 -1.298305315e-06
0.3828125 1.363806708e-06
0.3984375 7.495318188e-07
0.4140625 -1.537441027e-06
0.4296875 -2.146934906e-06
0.4453125 -2.077833406e-06
0.4609375 -1.091675823e-06
0.4765625 8.715898189e-07
0.4921875 2.172705386e-06
0.5078125 2.239950232e-06
0.5234375 1.061691002e-06
0.5390625 -8.073116311e-07
0.5546875 -1.733230918e-06
0.5703125 -1.773577005e-06
0.5859375 -1.156575475e-06
0.6015625 1.136271521e-06
0.6171875 1.776400949e-06
0.6328125 -8.444364749e-07
0.6484375 -1.563539182e-06
0.6640625 8.720126357e-07
0.6796875 1.32053706e-06
0.6953125 6.125153692e-07
0.7109375 -2.160213374e-06
0.7265625 -3.181845289e-06
0.7421875 -3.808524082e-06
0.7578125 -4.375036103e-06
0.7734375 -4.923276742e-06
0.7890625 -5.324925303e-06
0.8046875 -5.425927564e-06
0.8203125 -4.850041058e-06
0.8359375 -2.808797906e-06
0.8515625 2.651109102e-07
0.8671875 1.392994521e-06
0.8828125 2.526312455e-06
0.8984375 3.510691124e-06
0.9140625 4.316696438e-06
0.9296875 4.944902362e-06
0.9453125 5.422131045e-06
0.9609375 5.70898952e-06
0.9765625 5.920673573e-06
0.9921875 5.882974727e-06
