# x  v  at y = 0.500000
0.0078125 -2.244120632e-05
0.0234375 -2.116430084e-05
0.0390625 -1.615922392e-05
0.0546875 -1.149317063e-05
0.0703125 -8.11250977e-06
0.0859375 -5.880496696e-06
0.1015625 -4.451095636e-06
0.1171875 -3.787411904e-06
0.1328125 -2.525544342e-06
0.1484375 8.534995614e-07
0.1640625 -1.3750655e-06
0.1796875 -2.91243372e-06
0.1953125 -3.906512915e-06
0.2109375 -4.678085711e-06
0.2265625 -5.013271447e-06
0.2421875 -5.074418297e-06
0.2578125 -4.920049112e-06
0.2734375 -3.250973163e-06
0.2890625 -6.591446893e-07
0.3046875 -3.900711576e-07
0.3203125 2.074677209e-07
0.3359375 9.20455489e-07
0.3515625 1.655355522e-06
0.3671875 2.37302744e-06
0.3828125 3.041335736e-06
0.3984375 3.644403291e-06
0.4140625 4.173745566e-06
0.4296875 4.623794827e-06
0.4453125 4.991186999e-06
0.4609375 5.271502466e-06
0.4765625 5.457823929e-06
0.4921875 5.551278873e-06
0.5078125 5.552582072e-06
0.5234375 5.472009222e-06
0.5390625 5.300726621e-06
0.5546875 5.032821469e-06
0.5703125 4.672773123e-06
0.5859375 4.221214623e-06
0.6015625 3.676266246e-06
0.6171875 3.037655858e-06
0.6328125 2.308050615e-06
0.6484375 1.514492343e-06
0.6640625 7.601019125e-07
0.6796875 6.131204976e-07
0.6953125 -2.149623578e-06
0.7109375 -4.33496731e-06
0.7265625 -5.063758861e-06
0.7421875 -5.014062798e-06
0.7578125 -4.646359861e-06
0.7734375 -4.12516873e-06
0.7890625 -3.433644949e-06
0.8046875 -2.498597309e-06
0.8203125 -9.566580978e-07
0.8359375 1.66336327e-06
0.8515625 -8.693320776e-07
0.8671875 -1.635176957e-07
0.8828125 3.497477309e-06
0.8984375 4.879493697e-06
0.9140625 6.405009137e-06
0.9296875 8.787219368e-06
0.9453125 1.216284333e-05
0.9609375 1.666644798e-05
0.9765625 2.135941716e-05
0.9921875 2.199788249e-05
